              precision    recall  f1-score   support

           0       0.17      1.00      0.29       516
           1       0.00      0.00      0.00       516
           2       0.00      0.00      0.00       496
           3       0.00      0.00      0.00       488
           4       0.00      0.00      0.00       534
           5       0.00      0.00      0.00       514

   micro avg       0.17      0.17      0.17      3064
   macro avg       0.03      0.17      0.05      3064
weighted avg       0.03      0.17      0.05      3064
 samples avg       0.17      0.17      0.17      3064

